time	err_x	err_y	err_z
0	0	0	0
0.01	-1.14684e-05	-2.14577e-06	-1.16355e-05
0.02	-1.52743e-05	-2.6226e-06	-1.83986e-05
0.03	-1.7406e-05	-2.86102e-06	-1.6263e-05
0.041	-1.6332e-05	-2.86102e-06	-1.61223e-05
0.051	-1.22156e-05	-3.33786e-06	-9.90955e-06
0.061	-3.19081e-06	-3.57628e-06	-2.49223e-06
0.071	-2.66281e-06	-5.72205e-06	-2.11309e-06
0.081	-2.60289e-06	-6.4373e-06	-1.64263e-06
0.09	-1.54424e-06	-6.4373e-06	-9.17273e-07
0.1	-1.94791e-06	-6.91414e-06	-1.55163e-06
0.11	-6.12438e-06	-6.91414e-06	-6.14613e-06
0.12	-8.32104e-06	-7.39098e-06	-6.65969e-06
0.13	-6.11968e-06	-7.39098e-06	-5.79774e-06
0.14	-2.44026e-06	-9.05991e-06	-2.52931e-06
0.15	-0.0061699	0.00351143	-0.00836571
0.16	-0.0190349	0.00711441	-0.0168248
0.17	-0.0325805	0.0107219	-0.0245872
0.18	-0.0564867	0.0141888	-0.0337596
0.19	-0.0455677	0.01825	-0.0524795
0.2	-0.0400955	0.0222723	-0.0722793
0.21	-0.0354851	0.028466	-0.0895856
0.22	-0.0306974	0.0372164	-0.104566
0.23	-0.0289905	0.0487664	-0.116079
0.24	-0.0287487	0.061615	-0.12645
0.25	-0.0296858	0.0751047	-0.136626
0.26	-0.0309046	0.0889399	-0.147188
0.27	-0.0319873	0.103121	-0.158223
0.281	-0.0330484	0.119269	-0.170703
0.291	-0.0341023	0.13456	-0.18217
0.301	-0.0353911	0.15046	-0.193679
0.311	-0.0369633	0.166948	-0.205247
0.320999	-0.0388052	0.183989	-0.216915
0.330999	-0.0408822	0.20156	-0.228719
0.340999	-0.043189	0.21966	-0.240657
0.350999	-0.0457239	0.238285	-0.252727
0.360999	-0.0485111	0.257437	-0.264926
0.370999	-0.0515654	0.27711	-0.277255
0.380999	-0.0549008	0.2973	-0.289716
0.390999	-0.0554492	0.318677	-0.301517
0.400998	-0.0567682	0.340606	-0.313175
0.410998	-0.0599112	0.362747	-0.325161
0.420998	-0.0604876	0.386177	-0.335625
0.430998	-0.0615668	0.41034	-0.345968
0.440998	-0.0623544	0.435205	-0.355738
0.450998	-0.0636526	0.460851	-0.365234
0.460998	-0.0645946	0.487147	-0.374382
0.470997	-0.0641382	0.514428	-0.382912
0.480997	-0.0642831	0.542389	-0.39141
0.490997	-0.0654932	0.570868	-0.399968
0.500997	-0.0650446	0.600331	-0.408148
0.510997	-0.0661852	0.630199	-0.416429
0.520997	-0.0664361	0.660864	-0.424387
0.530997	-0.0671063	0.691991	-0.432726
0.540997	-0.0669871	0.72407	-0.440771
0.550996	-0.0675328	0.756548	-0.448908
0.560996	-0.068003	0.789519	-0.45706
0.570996	-0.0684752	0.823238	-0.464961
0.580996	-0.0690543	0.857333	-0.473246
0.590996	-0.06899	0.89236	-0.481155
0.600996	-0.0694308	0.927957	-0.489195
0.610996	-0.070166	0.964037	-0.497254
0.620996	-0.069703	1.00103	-0.505004
0.630995	-0.0702369	1.03843	-0.512723
0.640995	-0.0710849	1.07631	-0.520687
0.650995	-0.0705819	1.11506	-0.528508
0.660995	-0.0707916	1.15443	-0.536383
0.670995	-0.0709821	1.1945	-0.544233
0.680995	-0.0709409	1.23522	-0.551922
0.690995	-0.0716048	1.27673	-0.559549
0.700995	-0.0716405	1.31873	-0.567151
0.710994	-0.0717872	1.36146	-0.574664
0.720994	-0.0719509	1.40469	-0.582141
0.730994	-0.0720894	1.44853	-0.589608
0.740994	-0.0722173	1.493	-0.597114
0.750994	-0.0723664	1.53806	-0.604676
0.760994	-0.0725505	1.58371	-0.612315
0.770994	-0.0735316	1.63002	-0.619882
0.780994	-0.07237	1.67749	-0.62728
0.790993	-0.0732525	1.72521	-0.63473
0.800993	-0.0724597	1.77399	-0.64195
0.810993	-0.0735377	1.82298	-0.649261
0.820993	-0.0731642	1.87305	-0.656477
0.830993	-0.0726564	1.92375	-0.663457
0.840993	-0.072871	1.97484	-0.670508
0.850993	-0.0725069	2.0269	-0.677228
0.860992	-0.0726814	2.07927	-0.684227
0.870992	-0.0722786	2.1325	-0.690996
0.880992	-0.0724877	2.18607	-0.698088
0.890992	-0.0720417	2.24047	-0.70489
0.900992	-0.0710685	2.29613	-0.710704
0.910992	-0.0709214	2.3534	-0.714768
0.920992	-0.0706372	2.41166	-0.718166
0.930992	-0.0711839	2.47028	-0.72146
0.940991	-0.0716703	2.5295	-0.724895
0.950991	-0.0721059	2.58928	-0.728508
0.960991	-0.0725057	2.64961	-0.732308
0.970991	-0.0728723	2.71047	-0.736298
0.980991	-0.0732101	2.77185	-0.740481
0.990991	-0.0735144	2.83375	-0.744856
1.00099	-0.0737903	2.89617	-0.749423
1.01099	-0.0740402	2.95911	-0.754183
1.02099	-0.0742588	3.02255	-0.759136
1.03099	-0.074447	3.08649	-0.76428
1.04099	-0.0746071	3.15094	-0.769614
1.05099	-0.0747292	3.21587	-0.775136
1.06099	-0.0748212	3.2813	-0.780848
1.07099	-0.0748789	3.34722	-0.786747
1.08099	-0.0749051	3.41361	-0.792833
1.09099	-0.0748951	3.48048	-0.799104
1.101	-0.074848	3.54782	-0.805559
1.111	-0.0747628	3.61563	-0.812195
1.121	-0.0746443	3.68389	-0.819014
1.131	-0.0744707	3.75259	-0.826005
1.141	-0.074255	3.82175	-0.833181
1.151	-0.0739959	3.89134	-0.840534
1.161	-0.0736915	3.96137	-0.848058
1.171	-0.0733395	4.03182	-0.855752
1.181	-0.0729396	4.10268	-0.863614
1.191	-0.0724894	4.17396	-0.87164
1.2	-0.0720394	4.23844	-0.879
1.21	-0.0714883	4.31047	-0.887329
1.22	-0.0708812	4.38288	-0.895811
1.23	-0.0702174	4.45567	-0.904443
1.24	-0.0694952	4.52882	-0.91322
1.25	-0.0687112	4.60233	-0.922139
1.26	-0.0678719	4.67617	-0.93119
1.27	-0.0669697	4.75035	-0.940368
1.28	-0.0659954	4.82486	-0.94967
1.29	-0.0649588	4.89968	-0.95908
1.3	-0.0638584	4.97479	-0.968593
1.31001	-0.062681	5.0502	-0.978209
1.32001	-0.0614229	5.12588	-0.987918
1.33001	-0.0600807	5.20183	-0.997713
1.34001	-0.0586507	5.27804	-1.00758
1.35001	-0.0571292	5.35449	-1.01752
1.36001	-0.055512	5.43117	-1.02751
1.37001	-0.053795	5.50807	-1.03754
1.38001	-0.0519808	5.58518	-1.04761
1.39001	-0.0500735	5.6625	-1.05769
1.40001	-0.0480291	5.73999	-1.06779
1.41001	-0.0458468	5.81764	-1.07788
1.42001	-0.0435408	5.89543	-1.08794
1.43001	-0.0411052	5.97335	-1.09796
1.44001	-0.0385335	6.05139	-1.10791
1.45001	-0.035819	6.12953	-1.11779
1.46001	-0.0329561	6.20776	-1.12756
1.47001	-0.0299365	6.28605	-1.13722
1.48001	-0.0267514	6.3644	-1.14673
1.49001	-0.0233803	6.44279	-1.15608
1.50001	-0.0198257	6.52121	-1.16525
1.51001	-0.0160769	6.59963	-1.17423
1.52002	-0.0121107	6.67804	-1.18305
1.53002	-0.00789199	6.75642	-1.19167
1.54002	-0.00339565	6.83477	-1.20012
1.55002	0.00128553	6.91289	-1.20864
1.56002	0.00598284	6.99016	-1.21719
1.57002	0.0106802	7.06643	-1.22575
1.58002	0.0153775	7.14171	-1.2343
1.59002	0.0200748	7.21598	-1.24286
1.60002	0.0247721	7.28925	-1.25141
1.61002	0.0294694	7.36152	-1.25997
1.62002	0.0341667	7.43279	-1.26852
1.63002	0.0388641	7.50307	-1.27707
1.64002	0.0435614	7.57234	-1.28563
1.65002	0.0482587	7.64061	-1.29418
1.66002	0.0529561	7.70788	-1.30274
1.67002	0.0576534	7.77415	-1.31129
1.68002	0.0623507	7.83942	-1.31985
1.69002	0.067048	7.9037	-1.3284
1.70002	0.0717453	7.96697	-1.33696
1.71002	0.0764426	8.02924	-1.34551
1.72002	0.0811399	8.09051	-1.35406
1.73002	0.0858372	8.15078	-1.36262
1.74003	0.0905345	8.21005	-1.37117
1.75003	0.0952318	8.26832	-1.37973
1.76003	0.0999291	8.32559	-1.38828
1.77003	0.104626	8.38187	-1.39684
1.78003	0.109324	8.43714	-1.40539
1.79003	0.114021	8.49141	-1.41395
1.80003	0.118718	8.54468	-1.4225
1.81003	0.123416	8.59695	-1.43105
1.82003	0.128113	8.64822	-1.43961
1.83003	0.13281	8.69849	-1.44816
1.84003	0.137507	8.74777	-1.45672
1.85003	0.142205	8.79604	-1.46527
1.86003	0.146902	8.84331	-1.47383
1.87003	0.151599	8.88958	-1.48238
1.88003	0.156297	8.93485	-1.49094
1.89003	0.160994	8.97912	-1.49949
1.90003	0.165691	9.02239	-1.50804
1.91003	0.170388	9.06466	-1.5166
1.92003	0.175086	9.10593	-1.52515
1.93003	0.179783	9.1462	-1.53371
1.94003	0.18448	9.18548	-1.54226
1.95004	0.189178	9.22375	-1.55082
1.96004	0.193875	9.26102	-1.55937
1.97004	0.198572	9.29729	-1.56793
1.98004	0.20327	9.33256	-1.57648
1.99004	0.207967	9.36683	-1.58503
2.00004	0.212664	9.4001	-1.59359
2.01004	0.217361	9.43237	-1.60214
2.02004	0.222059	9.46364	-1.6107
2.03004	0.226756	9.49391	-1.61925
2.04003	0.231453	9.52318	-1.62781
2.05003	0.236151	9.55145	-1.63636
2.06003	0.240848	9.57872	-1.64492
2.07003	0.245545	9.60499	-1.65347
2.08003	0.250242	9.63027	-1.66202
2.09003	0.25494	9.65454	-1.67058
2.10003	0.259637	9.67781	-1.67913
2.11003	0.264335	9.70008	-1.68769
2.12003	0.269032	9.72135	-1.69624
2.13003	0.27373	9.74162	-1.7048
2.14003	0.278427	9.76089	-1.71335
2.15003	0.283125	9.77916	-1.72191
2.16003	0.287822	9.79643	-1.73046
2.17003	0.292519	9.8127	-1.73902
2.18002	0.297217	9.82798	-1.74757
2.19002	0.301914	9.84225	-1.75612
2.20002	0.306612	9.85552	-1.76468
2.21002	0.311309	9.86779	-1.77323
2.22002	0.316007	9.87906	-1.78179
2.23002	0.320704	9.88933	-1.79034
2.24002	0.325402	9.8986	-1.7989
2.25002	0.330099	9.90687	-1.80745
2.26002	0.334796	9.91414	-1.81601
2.27002	0.339494	9.92041	-1.82456
2.28002	0.344191	9.92568	-1.83311
2.29002	0.348889	9.92996	-1.84167
2.30002	0.353586	9.93323	-1.85022
2.31001	0.358284	9.9355	-1.85878
2.32001	0.362981	9.93677	-1.86733
2.33001	0.367679	9.93704	-1.87589
2.34001	0.372376	9.93631	-1.88444
2.35001	0.377073	9.93458	-1.893
2.36001	0.381771	9.93185	-1.90155
2.37001	0.386468	9.92812	-1.9101
2.38001	0.391166	9.92339	-1.91866
2.39001	0.395863	9.91767	-1.92721
2.40001	0.400561	9.91094	-1.93577
2.41001	0.405258	9.90321	-1.94432
2.42001	0.409956	9.89448	-1.95288
2.43001	0.414653	9.88475	-1.96143
2.44001	0.41935	9.87402	-1.96999
2.45	0.424048	9.86229	-1.97854
2.46	0.428745	9.84956	-1.98709
2.47	0.433443	9.83583	-1.99565
2.48	0.43814	9.82111	-2.0042
2.49	0.442838	9.80538	-2.01276
2.5	0.447535	9.78865	-2.02131
2.51	0.452232	9.77092	-2.02987
2.521	0.4574	9.75026	-2.03928
2.531	0.462097	9.73043	-2.04783
2.541	0.466795	9.7096	-2.05639
2.551	0.471492	9.68777	-2.06494
2.561	0.476189	9.66494	-2.07349
2.571	0.480887	9.64112	-2.08205
2.581	0.485584	9.61629	-2.0906
2.59099	0.490282	9.59046	-2.09916
2.60099	0.494979	9.56363	-2.10771
2.61099	0.499677	9.5358	-2.11627
2.62099	0.504374	9.50697	-2.12482
2.63099	0.509072	9.47714	-2.13338
2.64099	0.513769	9.44631	-2.14193
2.65099	0.518466	9.41449	-2.15048
2.66099	0.523164	9.38166	-2.15904
2.67099	0.527861	9.34783	-2.16759
2.68099	0.532559	9.313	-2.17615
2.69099	0.537256	9.27717	-2.1847
2.70099	0.541954	9.24034	-2.19326
2.71099	0.546651	9.20251	-2.20181
2.72099	0.551349	9.16368	-2.21037
2.73098	0.556046	9.12385	-2.21892
2.74098	0.560743	9.08302	-2.22747
2.75098	0.565441	9.0412	-2.23603
2.76098	0.570138	8.99837	-2.24458
2.77098	0.574836	8.95454	-2.25314
2.78098	0.579533	8.90971	-2.26169
2.79098	0.584231	8.86388	-2.27025
2.80098	0.588928	8.81705	-2.2788
2.81098	0.593625	8.76922	-2.28736
2.82098	0.598323	8.72039	-2.29591
2.83098	0.60302	8.67056	-2.30446
2.84098	0.607718	8.61973	-2.31302
2.85098	0.612415	8.5679	-2.32157
2.86098	0.617113	8.51507	-2.33013
2.87097	0.62181	8.46124	-2.33868
2.88097	0.626508	8.40641	-2.34724
2.89097	0.631205	8.35059	-2.35579
2.90097	0.635902	8.29376	-2.36435
2.91097	0.6406	8.23593	-2.3729
2.92097	0.645297	8.1771	-2.38145
2.93097	0.649995	8.11727	-2.39001
2.94097	0.654692	8.05644	-2.39856
2.95097	0.65939	7.99461	-2.40712
2.96097	0.664087	7.93178	-2.41567
2.97097	0.668785	7.86795	-2.42423
2.98097	0.673482	7.80312	-2.43278
2.99097	0.678179	7.73729	-2.44134